Targeted Block Mid: 0, 5, -1
                    -1, 5, 0
                    0, 5, 1
                    1, 5, 0

Tartgeted Block Ground: 2, 4, 0
                        1, 4, 1
                        0, 4, 2
                        -1, 4, 1
                        -2, 4, 0
                        -1, 4, -1
                        0, 4, -2
                        1, 4, -1

Middle Outer
-11 4 -17

Caves
-87 7 3
-111 13 11
-69 8 8
-96 7 27
-100 6 17
-88 6 17
-106 6 -9
-80 23 -19
-72 18 -11
-67 24 -9
-62 5 - 38

Village
-94 4 -84
-97 4 -84
-82 4 -79
-93 4 -100
-103 8 -113
-98 8 -100
-67 5 -120